1111111111111111111111111100000000000000000000000000
0000000000000000000000000000000000000000000000000000
0000000000000000000000000000000000000000000000000000
0000000000000000000000000000000240204040405025042400
0000000000000000000000000050011110111110111111111110
7000000000000000000000000010000005000005000000000007
7000000000000000000000000000811111111111111111111117
7000000000000000000004000000800000000000000000000007
7000000000000000000811101000811111111111111111111117
7304002004004222400811151700800000000000000000000007
1111011011011111101111111111111111111111111111111111
0000500500500000050000000000000000000000000000000000
0000000000000000000000000000000000000000000000000000