0000000000000000000000000000000000000000000000000000000000000000000000000000000
0000000000000000000000000000000000000000224000400000000000000000000000000000000
0300002220000000000000000000000008111101111011111110000000000000000000000000000
1111011110101000000000000000000008111151111511111117700555559000000000000000008
0000500005050770000000000000000008111111111111111117111111119000000000000000008
1111111111111770000000000000000008111111111111111117000000000000000000000000008
1111111111111770000000000000000008111111111111111117000000000000000000000000008
1111111111111770042004222400200208111111111111111117000000000000000000000000008
1111111111111000111011111101101111111111111111111117000000000000000000000000008
1111111111111555111511111151151111111111111111111117000024005024444222200000008
1111111111111111111111111111111111111111111111111111111011111111111111101010111
1111111111111111111111111111111111111111111111111111111511111111111111151515111